-2.220446049250313081e-16,-2.220446049250313081e-16,-2.220446049250313081e-16,9.561300600185085319e-01,9.359202447047871853e-01,8.674874382710640042e-02,8.425695171925950966e-01,9.131117148147397389e-01,9.377998331196372162e-01,3.164759545348007075e-01,9.230227899482704723e-01,9.542658161974688635e-01,9.554798936069039961e-01,9.068305313380279342e-01,5.465771062771432875e-01,9.286850771516211855e-01,6.163636039431983349e-01,8.862903699206305941e-01,9.421308875594253118e-01,9.242568687002843397e-01,9.233787634947371314e-01,9.262407812298105725e-01,9.345267148784879296e-01,9.019169338356816112e-01,9.305100053582445740e-01,7.911352680915193503e-01,9.594725530460326279e-01,9.270052996074973350e-01,8.628714250468551006e-01,9.272005088447986543e-01,9.204134158096309859e-01,8.098814534112466212e-01,9.199263430796571495e-01,9.060158132939499787e-01,9.252643551175623315e-01,8.275991426327120593e-01,9.230672674634687880e-01,9.031891085838673616e-01,9.354993716286946759e-01,9.388702302158834501e-01,8.835011018205624067e-01,9.366938347181972269e-01,9.094544458106504914e-01,7.567869892216343430e-01,9.322196358674195160e-01,9.242233818861707029e-01,9.109876110887734635e-01,9.287584795045685793e-01,9.412791358849522672e-01,9.377120989386267258e-01,7.747359490625956857e-01,9.053881485179159361e-01,9.357939455373678328e-01,9.245123662051415447e-01,9.099541102081100119e-01,8.226370392494527506e-01,8.836015663778622464e-01,9.029603241794179613e-01,8.928365381613502239e-01,7.786046439506466577e-01,8.235167629158707259e-01,9.053860365939770949e-01,9.043074747009864911e-01,8.879130617940003134e-01,8.849666917573733027e-01,9.131829207216799471e-01,8.844875839914678739e-01,9.230405182822910559e-01,9.146475943243218554e-01,8.565642332085655619e-01,8.801868420139394855e-01,9.131868928916482275e-01,9.212493449541576673e-01,9.139586659545291258e-01,8.713499442458448874e-01,9.273704742634403253e-01,7.725667441077654907e-01,9.469951792078767916e-01,9.449102298907369191e-01,8.935750913935476270e-01,8.754213306716076559e-01,8.940069060023608793e-01,9.206717251455163176e-01,9.232007435637596959e-01,8.850411849395177777e-01,9.304200511459984613e-01,9.654102039505612076e-01,9.310511214527359414e-01,9.324665717973229517e-01,8.782056774560227375e-01,9.096584055619948428e-01,8.920484481612305228e-01,9.222772476281940746e-01,9.090436420762666447e-01,8.908368832066324572e-01,8.723216466945693526e-01,9.240721985724745791e-01,8.791221971933067536e-01,9.233662580079221582e-01,9.466193119546431056e-01
-2.220446049250313081e-16,-2.220446049250313081e-16,-2.220446049250313081e-16,9.561300600185085319e-01,9.359202447047871853e-01,8.674874382710640042e-02,8.425695171925950966e-01,9.131117148147397389e-01,9.377998331196372162e-01,3.164759545348007075e-01,9.230227899482704723e-01,9.542658161974688635e-01,9.554798936069039961e-01,9.068305313380279342e-01,5.465771062771432875e-01,9.286850771516211855e-01,6.163636039431983349e-01,8.862903699206305941e-01,9.421308875594253118e-01,9.242568687002843397e-01,9.233787634947371314e-01,9.262407812298105725e-01,9.345267148784879296e-01,9.019169338356816112e-01,9.305100053582445740e-01,7.911352680915193503e-01,9.594725530460326279e-01,9.270052996074973350e-01,8.628714250468551006e-01,9.272005088447986543e-01,9.204134158096309859e-01,8.098814534112466212e-01,9.199263430796571495e-01,9.060158132939499787e-01,9.252643551175623315e-01,8.275991426327120593e-01,9.230672674634687880e-01,9.031891085838673616e-01,9.354993716286946759e-01,9.388702302158834501e-01,8.835011018205624067e-01,9.366938347181972269e-01,9.094544458106504914e-01,7.567869892216343430e-01,9.322196358674195160e-01,9.242233818861707029e-01,9.109876110887734635e-01,9.287584795045685793e-01,9.412791358849522672e-01,9.377120989386267258e-01,7.747359490625956857e-01,9.053881485179159361e-01,9.357939455373678328e-01,9.245123662051415447e-01,9.099541102081100119e-01,8.226370392494527506e-01,8.836015663778622464e-01,9.029603241794179613e-01,8.928365381613502239e-01,7.786046439506466577e-01,8.235167629158707259e-01,9.053860365939770949e-01,9.043074747009864911e-01,8.879130617940003134e-01,8.849666917573733027e-01,9.131829207216799471e-01,8.844875839914678739e-01,9.230405182822910559e-01,9.146475943243218554e-01,8.565642332085655619e-01,8.801868420139394855e-01,9.131868928916482275e-01,9.212493449541576673e-01,9.139586659545291258e-01,8.713499442458448874e-01,9.273704742634403253e-01,7.725667441077654907e-01,9.469951792078767916e-01,9.449102298907369191e-01,8.935750913935476270e-01,8.754213306716076559e-01,8.940069060023608793e-01,9.206717251455163176e-01,9.232007435637596959e-01,8.850411849395177777e-01,9.304200511459984613e-01,9.654102039505612076e-01,9.310511214527359414e-01,9.324665717973229517e-01,8.782056774560227375e-01,9.096584055619948428e-01,8.920484481612305228e-01,9.222772476281940746e-01,9.090436420762666447e-01,8.908368832066324572e-01,8.723216466945693526e-01,9.240721985724745791e-01,8.791221971933067536e-01,9.233662580079221582e-01,9.466193119546431056e-01
-2.220446049250313081e-16,-2.220446049250313081e-16,-2.220446049250313081e-16,9.561300600185085319e-01,9.359202447047871853e-01,8.674874382710640042e-02,8.425695171925950966e-01,9.131117148147397389e-01,9.377998331196372162e-01,3.164759545348007075e-01,9.230227899482704723e-01,9.542658161974688635e-01,9.554798936069039961e-01,9.068305313380279342e-01,5.465771062771432875e-01,9.286850771516211855e-01,6.163636039431983349e-01,8.862903699206305941e-01,9.421308875594253118e-01,9.242568687002843397e-01,9.233787634947371314e-01,9.262407812298105725e-01,9.345267148784879296e-01,9.019169338356816112e-01,9.305100053582445740e-01,7.911352680915193503e-01,9.594725530460326279e-01,9.270052996074973350e-01,8.628714250468551006e-01,9.272005088447986543e-01,9.204134158096309859e-01,8.098814534112466212e-01,9.199263430796571495e-01,9.060158132939499787e-01,9.252643551175623315e-01,8.275991426327120593e-01,9.230672674634687880e-01,9.031891085838673616e-01,9.354993716286946759e-01,9.388702302158834501e-01,8.835011018205624067e-01,9.366938347181972269e-01,9.094544458106504914e-01,7.567869892216343430e-01,9.322196358674195160e-01,9.242233818861707029e-01,9.109876110887734635e-01,9.287584795045685793e-01,9.412791358849522672e-01,9.377120989386267258e-01,7.747359490625956857e-01,9.053881485179159361e-01,9.357939455373678328e-01,9.245123662051415447e-01,9.099541102081100119e-01,8.226370392494527506e-01,8.836015663778622464e-01,9.029603241794179613e-01,8.928365381613502239e-01,7.786046439506466577e-01,8.235167629158707259e-01,9.053860365939770949e-01,9.043074747009864911e-01,8.879130617940003134e-01,8.849666917573733027e-01,9.131829207216799471e-01,8.844875839914678739e-01,9.230405182822910559e-01,9.146475943243218554e-01,8.565642332085655619e-01,8.801868420139394855e-01,9.131868928916482275e-01,9.212493449541576673e-01,9.139586659545291258e-01,8.713499442458448874e-01,9.273704742634403253e-01,7.725667441077654907e-01,9.469951792078767916e-01,9.449102298907369191e-01,8.935750913935476270e-01,8.754213306716076559e-01,8.940069060023608793e-01,9.206717251455163176e-01,9.232007435637596959e-01,8.850411849395177777e-01,9.304200511459984613e-01,9.654102039505612076e-01,9.310511214527359414e-01,9.324665717973229517e-01,8.782056774560227375e-01,9.096584055619948428e-01,8.920484481612305228e-01,9.222772476281940746e-01,9.090436420762666447e-01,8.908368832066324572e-01,8.723216466945693526e-01,9.240721985724745791e-01,8.791221971933067536e-01,9.233662580079221582e-01,9.466193119546431056e-01
9.561300600185085319e-01,9.561300600185085319e-01,9.561300600185085319e-01,-2.220446049250313081e-16,9.936857064291488850e-01,8.799535750664762013e-01,9.407478127710913185e-01,9.663194848704906859e-01,9.854012026749457975e-01,7.839655377245503542e-01,9.829689652591230287e-01,9.811595322746778924e-01,9.844357767211906474e-01,9.655155436991047502e-01,9.479452088976413338e-01,9.713446197105728430e-01,8.290032743074561283e-01,9.502707538711064883e-01,9.865215916297297438e-01,9.755467722250072971e-01,9.787171989989297272e-01,9.702604727057951850e-01,9.780766925947274038e-01,9.537487221787420699e-01,9.419115731766414257e-01,8.996511700839021630e-01,9.667955277443441853e-01,9.782707823898892929e-01,9.276402512381601850e-01,9.725647335940534877e-01,9.805495200591702876e-01,9.787980724824497658e-01,9.845457549320262292e-01,9.645764141931190139e-01,9.782067192698218339e-01,9.503723388154914353e-01,9.792794810921301440e-01,9.685696920696806878e-01,9.916381830798280950e-01,9.833880039880462665e-01,9.666621776725604631e-01,9.783473947267020687e-01,9.665259088768684004e-01,9.280845929370951097e-01,9.761482839276929280e-01,9.699165325969794083e-01,9.853584681646313514e-01,9.753149815439562387e-01,9.738406226772264862e-01,9.778516843125458768e-01,9.278137886159731895e-01,9.693137812877008486e-01,9.762397727803997505e-01,9.816759374216184053e-01,9.839166513984027862e-01,9.212883183964908351e-01,9.636912171269655936e-01,9.779616988398680544e-01,9.756124944106442376e-01,9.435616221549230076e-01,8.992100709173347362e-01,9.624049160386853874e-01,9.750614057547881686e-01,9.566340875911909514e-01,9.718322642659240618e-01,9.735339180951748661e-01,9.614302144399167194e-01,9.761392634244135946e-01,9.633857349760004407e-01,9.588731374696763954e-01,9.428926776677870603e-01,9.785037997327036274e-01,9.682952155636084246e-01,9.759476520124352739e-01,9.513526942393859542e-01,9.655742525321057146e-01,8.984397141590942937e-01,9.720709698915432906e-01,9.814714920123528419e-01,9.696482218968641709e-01,9.505098475759936605e-01,9.514287384183350849e-01,9.687521127739069371e-01,9.726283450330546199e-01,9.671160876188956701e-01,9.783508667567519801e-01,9.745719412635421852e-01,9.725786879601558965e-01,9.767778488291625205e-01,9.523120195038585756e-01,9.294174079861886595e-01,9.727322468505906761e-01,9.356460585898325188e-01,9.398388360524774221e-01,9.692817608505815974e-01,9.656794900337701826e-01,9.717453389435882771e-01,9.609897664483522117e-01,9.757402745721754922e-01,9.834607002210640214e-01
9.359202447047871853e-01,9.359202447047871853e-01,9.359202447047871853e-01,9.936857064291488850e-01,2.220446049250313081e-16,7.965177658655173687e-01,9.472178548331834369e-01,9.652819277608166715e-01,9.670525298191332553e-01,6.732796184725891031e-01,9.598628421244473907e-01,9.875251797019105604e-01,9.640490844756097744e-01,9.699438942050586654e-01,9.389166891001605730e-01,9.776722127772997650e-01,7.556151362025267382e-01,9.639387180761833651e-01,9.763388987667926955e-01,9.703721595872771832e-01,9.752572811790333196e-01,9.751927153709714080e-01,9.632201262111507178e-01,7.506538843333203648e-01,8.343660736592987126e-01,9.080089437326100965e-01,9.715474133232416820e-01,8.036966096508029178e-01,9.687280161962850134e-01,9.689802822274081739e-01,9.627942301590914909e-01,9.827096000906541118e-01,9.655112906232481418e-01,8.128429187044043935e-01,8.783887395144738264e-01,9.531686368726363101e-01,9.590817176668116062e-01,9.590503538436272457e-01,9.752645523058575128e-01,9.617785753756106226e-01,9.581268862258545127e-01,9.806716477837507107e-01,9.717007068956554638e-01,9.140781640885422554e-01,9.578565066184402399e-01,9.733499378082646203e-01,9.609253449450132489e-01,9.599930212606124780e-01,9.629229214739820630e-01,9.526288618707609013e-01,9.247508034817021327e-01,9.588177988197801316e-01,9.595258693037025388e-01,9.512242758679386734e-01,9.656165811697372536e-01,9.094673819738332554e-01,9.127987628196524428e-01,9.537908111416241175e-01,9.584873277391494639e-01,9.099536559225858134e-01,8.049285392706320152e-01,9.748857484651821670e-01,9.729603753333690985e-01,9.647774392663477361e-01,9.671795225857117151e-01,9.475660198813428137e-01,9.573313762096105073e-01,9.604395043834775825e-01,9.645114407811655743e-01,9.342808904902253353e-01,9.523556341593077956e-01,9.609903528471757106e-01,9.673320487385510535e-01,9.548881783749597618e-01,9.366554829575360896e-01,9.530568838895562278e-01,3.108369749926166437e-01,9.645327985112618352e-01,9.567229598216077102e-01,9.515573421439755819e-01,9.444802777707091979e-01,9.617357674271712620e-01,9.661194815967903970e-01,9.699126241359188327e-01,9.373111838568158882e-01,9.683582525607472569e-01,9.959868162985837658e-01,9.656164851705546504e-01,9.751627957238767630e-01,9.392760531637256438e-01,9.680436850193736564e-01,9.257383031892487679e-01,9.697431163603053017e-01,9.571864698711414210e-01,8.345426551064254461e-01,9.411031850670128485e-01,9.643071365221557167e-01,9.107035725485055355e-01,9.651127574600188996e-01,9.781952745697516383e-01
8.674874382710640042e-02,8.674874382710640042e-02,8.674874382710640042e-02,8.799535750664762013e-01,7.965177658655173687e-01,4.440892098500626162e-16,8.451181207956929287e-01,9.177748596225732136e-01,9.375650243738734568e-01,2.650812261454242869e-01,9.229175096146463586e-01,9.573883025933510593e-01,9.527618728891278366e-01,9.062097830744262339e-01,5.877439039211647120e-01,9.287515861108023296e-01,5.817669775944557253e-01,8.884828850634461928e-01,9.400465090376741717e-01,9.196771909261393096e-01,9.257055786952052001e-01,9.205510918456795144e-01,9.296505942893064089e-01,8.756659211831054890e-01,9.200542056024146875e-01,7.680072239331788841e-01,9.595514422091520057e-01,9.103135003293996164e-01,8.633277541700279389e-01,9.255538416749037323e-01,9.180091363940171556e-01,8.196564088107999302e-01,9.241100140481756098e-01,8.927002626192821477e-01,9.159218679533568386e-01,8.264248483755074481e-01,9.268738301025296611e-01,9.005285497569625042e-01,9.372849499118141026e-01,9.335634768508027648e-01,8.832757993157459575e-01,9.372903869174158409e-01,9.091201352620733589e-01,7.598592465514745209e-01,9.230419198373734924e-01,9.152991972625760253e-01,9.101041083911739493e-01,9.284169095794265747e-01,9.391683065289432308e-01,9.347830742240772484e-01,7.689400132590631376e-01,9.005976100042414334e-01,9.317787283611091986e-01,9.173940707111520876e-01,9.086086008402529668e-01,8.165133506421893284e-01,8.730605615847294443e-01,9.018861011800702876e-01,8.887111841358439346e-01,7.727372628528621501e-01,7.977622067622636148e-01,9.077711368636596223e-01,9.040152866743604854e-01,8.897540352261386065e-01,8.866521618890745859e-01,9.145043137599404570e-01,8.802185353505410648e-01,9.223306776781436955e-01,9.139074083879389354e-01,8.531263787097269624e-01,8.825524337339757386e-01,9.109838931750630087e-01,9.207934153067444116e-01,9.115239988431383944e-01,8.673209805090098534e-01,9.166130899388109654e-01,6.977240780465834291e-01,9.432983687215330537e-01,9.422280404137453047e-01,8.921412395725305533e-01,8.751692971400792942e-01,8.939563742468992213e-01,9.147525752917216035e-01,9.234517331525047279e-01,8.811780020196263719e-01,9.286716052794232734e-01,9.674837201894084249e-01,9.279363996129401659e-01,9.328425643258788647e-01,8.696594816593123944e-01,9.090724251439930015e-01,8.896188210591841061e-01,9.206332527131970700e-01,9.066545039552722507e-01,8.715271199922146605e-01,8.681871830255094569e-01,9.230979867435581410e-01,8.738674018585007586e-01,9.216903364747803806e-01,9.466309506803274321e-01
8.425695171925950966e-01,8.425695171925950966e-01,8.425695171925950966e-01,9.407478127710913185e-01,9.472178548331834369e-01,8.451181207956929287e-01,2.220446049250313081e-16,9.073840702572653072e-01,9.473105855316631407e-01,7.007684828820354150e-01,9.324889187414933112e-01,9.509601071540075834e-01,9.486305880220664566e-01,8.966312923523223066e-01,7.995902129174038420e-01,9.138729420323281616e-01,7.030213508525834376e-01,8.183688831180436773e-01,9.478354849161326756e-01,9.195525952742369391e-01,9.124444908118921616e-01,9.145719650906329878e-01,9.300732619822777991e-01,8.808684106980338990e-01,9.050491516174756779e-01,8.172466649863638910e-01,9.517207718206812661e-01,9.278676877849602045e-01,8.422826979670319236e-01,9.285199090309917969e-01,9.111192639015895933e-01,8.882393892607893804e-01,9.201885990574456553e-01,8.959000382263199169e-01,9.171382395993997738e-01,8.319719173863556749e-01,9.130887227942912077e-01,8.966516225673336615e-01,9.338545193855745108e-01,9.362714718697365823e-01,8.854010038679183126e-01,9.422589388551132483e-01,9.074129550893244023e-01,7.659905564405784517e-01,9.255038324452361520e-01,9.137634188889074416e-01,9.056393319236989425e-01,9.239009744879322916e-01,9.221990614872928038e-01,9.073383414182351059e-01,8.038738282181230321e-01,9.011346560759087021e-01,9.165108138170507956e-01,9.107501931439239140e-01,9.214417864381477807e-01,8.428707930141302596e-01,8.593167340997441839e-01,8.960231404696091806e-01,9.000041075606295404e-01,8.110288895739200532e-01,8.150449838447546558e-01,9.033889299656592264e-01,8.888843420403074180e-01,8.741666659393101391e-01,8.917009841607447251e-01,9.241166766817484612e-01,8.905387350889896192e-01,9.145839426296645813e-01,9.179049639981580189e-01,8.416294900001599633e-01,6.325783328288514529e-01,9.092098541769240150e-01,9.026366961991697524e-01,9.171603448582728024e-01,8.729679624587081133e-01,9.110416231924973740e-01,8.802914024892323219e-01,9.415781353660857000e-01,9.473165064757880227e-01,8.889855502117869346e-01,8.708248504719442451e-01,8.868173172611716337e-01,9.085334209235962355e-01,9.022841799550804787e-01,8.550127316587031734e-01,9.202049022005562851e-01,9.656092526136008658e-01,9.162199321423692977e-01,9.289912856072016778e-01,8.603770066654393700e-01,9.013306271185392848e-01,8.710691702051112095e-01,9.250790463498881344e-01,9.304645631767953784e-01,8.882265324074151147e-01,8.769442418277576534e-01,9.012823180645010979e-01,8.778838818521380594e-01,9.284684817504134102e-01,9.461638258378789468e-01
9.131117148147397389e-01,9.131117148147397389e-01,9.131117148147397389e-01,9.663194848704906859e-01,9.652819277608166715e-01,9.177748596225732136e-01,9.073840702572653072e-01,0.000000000000000000e+00,9.564681257447490426e-01,6.398086394969442203e-01,9.495046399741815524e-01,9.565055783487689256e-01,9.681402300063461919e-01,9.412858329551209158e-01,9.112327756018433478e-01,9.487624316767704347e-01,8.023443053301502204e-01,9.144966131567621170e-01,9.623108808188506336e-01,9.418465556448807341e-01,9.532711803991916755e-01,9.190710204803881345e-01,9.504395365702422716e-01,9.286986229471396737e-01,9.343317510404417492e-01,8.880544611116460985e-01,9.783086311263039514e-01,9.475377787655788753e-01,9.006147554841633651e-01,9.439891363372213684e-01,9.555325741163608333e-01,9.524622057551798138e-01,9.465825241286913716e-01,9.322201273595173143e-01,9.361648978014758260e-01,8.976761094202199143e-01,9.461980914827634592e-01,9.250270320503263255e-01,9.428835291081291148e-01,9.587282262688301415e-01,9.126263398221267087e-01,9.559415468387322257e-01,9.473070068679285693e-01,8.801946264185543933e-01,9.358819388225378955e-01,9.378694660063819910e-01,9.320650760658715228e-01,9.530132411757584743e-01,9.460686853396285123e-01,9.384534585312818145e-01,8.745633166129802571e-01,9.323426992159655757e-01,9.351956630713564866e-01,9.465673936271278288e-01,9.504942272616224708e-01,8.854610722027150826e-01,9.083442772428742540e-01,9.213999114277793279e-01,9.256747629779238373e-01,8.837983312782142775e-01,8.222929968665950717e-01,9.469034905215963915e-01,9.390636764092530342e-01,9.282363084429759992e-01,9.293783306171278236e-01,9.318924391649724415e-01,9.288020583782677919e-01,9.435137575398804266e-01,9.326839683476944032e-01,9.258993618861651731e-01,8.560455122941907913e-01,9.462264795580347387e-01,9.435751194307361311e-01,9.363581159645962826e-01,9.203375142598715364e-01,9.372685590916628451e-01,8.978620940433934550e-01,9.643378460049258916e-01,9.533753755029322763e-01,9.144549114833682157e-01,9.160658594254345033e-01,9.234530824882613009e-01,9.458653179443751169e-01,9.353503920999298726e-01,9.158581329303090435e-01,9.543760892829995512e-01,9.803123929468796627e-01,9.498524349504646747e-01,9.517032392507781546e-01,9.096332498270927047e-01,9.385224904752347275e-01,9.267168009897449599e-01,9.478821879617674862e-01,9.365441862898651326e-01,9.148991358026585807e-01,9.169280825430261572e-01,9.456360594210384551e-01,9.136599617511100835e-01,9.446213670660700279e-01,9.647099017861868742e-01
9.377998331196372162e-01,9.377998331196372162e-01,9.377998331196372162e-01,9.854012026749457975e-01,9.670525298191332553e-01,9.375650243738734568e-01,9.473105855316631407e-01,9.564681257447490426e-01,-2.220446049250313081e-16,9.315012670445148579e-01,9.525264464048701640e-01,9.819602761538044344e-01,9.667737990661615655e-01,9.695957707149949201e-01,9.413116870312394635e-01,9.747581084571623755e-01,7.704033026012647722e-01,9.566603396820562155e-01,9.769113707878187558e-01,9.670214667468767233e-01,9.690732391731797790e-01,9.562763257869876243e-01,9.697199641065765707e-01,9.520979037918990695e-01,9.679849723372357939e-01,8.970913052961004830e-01,9.738750457064010435e-01,9.608657921475115549e-01,9.564582980295572856e-01,9.659345066788592726e-01,9.585658440538870062e-01,9.729278164422888731e-01,9.686633924439398413e-01,9.595807968348403216e-01,9.618242660908563613e-01,9.343756327219953084e-01,9.565274818950471047e-01,9.521448367894737030e-01,9.595064684908700681e-01,9.581697732974371329e-01,9.309329741257942326e-01,9.618294923293597698e-01,9.559412537199256654e-01,9.187585154771926721e-01,9.624592471876594058e-01,9.640403984829585271e-01,9.586269260294613126e-01,9.704161532025845638e-01,9.699679419521158863e-01,9.657736690555045467e-01,9.157741757014581374e-01,9.575026192463546026e-01,9.627875899358390166e-01,9.476533396710801194e-01,9.624928184771811557e-01,9.668258224401972134e-01,9.112427227966778398e-01,9.413085233798470508e-01,9.589692871563937349e-01,9.111715407284951551e-01,5.559476099403144467e-01,9.657180766999197141e-01,9.707395247550377748e-01,9.494696101855777393e-01,9.608939130870645107e-01,7.357661180697765424e-01,9.268696488966362557e-01,9.484116001613921432e-01,9.451664499871811342e-01,9.315278846508194821e-01,9.541229196974460036e-01,9.584984934227718245e-01,9.711226348670742858e-01,9.621410608392944042e-01,9.211492765422236717e-01,9.550830458538777101e-01,9.200276804115007367e-01,9.690042682119925921e-01,9.703244216638312603e-01,9.514875988287793129e-01,9.188607233592364087e-01,9.560576201411207231e-01,9.652367175439681146e-01,9.620761208069376069e-01,9.404823093546199608e-01,9.609408377494461639e-01,9.858510338405837015e-01,9.635978702983097888e-01,9.702555190052273293e-01,9.244787576414412733e-01,9.638982465271639377e-01,9.416426253889468301e-01,9.696910973516441601e-01,9.646151753219752711e-01,9.509451360087608496e-01,9.271068472154301299e-01,9.402317847562032815e-01,9.453867174200842882e-01,9.506441532140524897e-01,9.678205647865351091e-01
3.164759545348007075e-01,3.164759545348007075e-01,3.164759545348007075e-01,7.839655377245503542e-01,6.732796184725891031e-01,2.650812261454242869e-01,7.007684828820354150e-01,6.398086394969442203e-01,9.315012670445148579e-01,-1.332267629550187849e-15,9.145754465649624798e-01,9.443923421328792589e-01,9.438815008326982836e-01,8.987932307217028072e-01,5.295043193102810797e-01,9.174664714827299727e-01,4.618328993251018533e-01,8.522482473909822609e-01,9.360772048568374304e-01,9.134374805554617005e-01,9.226966095323485550e-01,9.077484549790598711e-01,9.222307188403986444e-01,8.203760570910336725e-01,8.723733019950467016e-01,7.389409420098838055e-01,9.438041926949889415e-01,8.667341039611748954e-01,8.254390694854271127e-01,9.102294591394491929e-01,9.195903144216376335e-01,8.227804147378181554e-01,9.168331842854325897e-01,8.438785590755515376e-01,8.825541658491564689e-01,8.138045059698646444e-01,9.143030656621408125e-01,8.867803011050987561e-01,9.345922475436074794e-01,9.268288941895798105e-01,8.728792188143149611e-01,9.341135965177389533e-01,9.032412375355830525e-01,7.455595494612824448e-01,9.224410932909605787e-01,9.169402750456910889e-01,8.944413388430172418e-01,9.180491712697589346e-01,9.223504532223842922e-01,9.165730766450498335e-01,7.520471839210682852e-01,8.958090519038212074e-01,9.165319273097815023e-01,9.094166213052974346e-01,9.111361202347006971e-01,7.959919893063835961e-01,8.542875123015531980e-01,8.907591511069335999e-01,8.821101270063815836e-01,7.570742590603206645e-01,7.538695087713830345e-01,8.947446847873506970e-01,8.987591929023931447e-01,8.686992489681445440e-01,8.768242369611959353e-01,8.960288651823560269e-01,8.724198626566247450e-01,9.094693547316723414e-01,8.991955535279183565e-01,8.433102382042508838e-01,8.184639743176874704e-01,9.013110147369035596e-01,9.099720560179207496e-01,9.023144116787469304e-01,8.510672536679695366e-01,9.101478597105491231e-01,6.345890256110464644e-01,9.360447834196183869e-01,9.402156243275656688e-01,8.770617051990953206e-01,8.617576397741959493e-01,8.802838420998853053e-01,9.074598284468630149e-01,9.104256367812330053e-01,8.579182266882673380e-01,9.159911740009042402e-01,9.627130474861129716e-01,9.143622498591645886e-01,9.275986344899813663e-01,8.472620642130895829e-01,8.870223731420194824e-01,8.660909097769153853e-01,9.034332515488927573e-01,8.922737229567028194e-01,8.419399890206202830e-01,8.642545309928515440e-01,9.095183494228831211e-01,8.546944236562793451e-01,9.063933055139559158e-01,9.361312520359246214e-01
9.230227899482704723e-01,9.230227899482704723e-01,9.230227899482704723e-01,9.829689652591230287e-01,9.598628421244473907e-01,9.229175096146463586e-01,9.324889187414933112e-01,9.495046399741815524e-01,9.525264464048701640e-01,9.145754465649624798e-01,1.110223024625156540e-16,9.675676691618965153e-01,5.562144443429293261e-01,9.359517151526370871e-01,9.475085354136374427e-01,9.525527555226560583e-01,6.311344693279377083e-01,9.368576989264135735e-01,9.538262049552446165e-01,9.534386130538992088e-01,9.436863882164461259e-01,9.311413535666941410e-01,9.491593339984898403e-01,9.236413372091248908e-01,9.459061738194332047e-01,7.578511118002928537e-01,9.720618478449477573e-01,9.492090159101957969e-01,9.290700626377310645e-01,9.575703805801235591e-01,9.522165319433096853e-01,9.286074744201042730e-01,9.500259040000812449e-01,9.314397362581352535e-01,9.424760566286229935e-01,8.804455339450467655e-01,9.487728134873284480e-01,9.228719020413752583e-01,9.530475885625298016e-01,9.526030728329956121e-01,9.083331484754431084e-01,9.526861513692413963e-01,9.466122536948222699e-01,8.545412265140022168e-01,9.521428065776105232e-01,9.427913464961513723e-01,9.345600922868394500e-01,9.588956009330655839e-01,9.580978197186966749e-01,9.504160324773056612e-01,8.549301916523411871e-01,9.367678539726131959e-01,9.397836066160089041e-01,9.436204793770347488e-01,8.121520446233047030e-01,9.074762959552710173e-01,8.882947033871313458e-01,9.090550662625939138e-01,9.221450421183423618e-01,8.164506414954378899e-01,6.381346503726679220e-01,9.490295217864944677e-01,9.404212441774291165e-01,9.267366193560040433e-01,9.386657930290398522e-01,2.311472782953171157e-01,9.338792115575091923e-01,9.449181265318578049e-01,9.386367900581924495e-01,9.072972025630701154e-01,8.793573613620753182e-01,9.369243552904227279e-01,9.457620743698130772e-01,9.271767065277659592e-01,9.107025087911444494e-01,9.395351953807355994e-01,8.653877283865298864e-01,9.538243979608983514e-01,9.589053844309440855e-01,9.169829857177432819e-01,9.157745756388158132e-01,9.248399066423156345e-01,9.419373512171862473e-01,9.404007253505261010e-01,9.116406023967342787e-01,9.396797960727810706e-01,9.815859563755147121e-01,9.340536654978212061e-01,9.584073236354089254e-01,9.008278214646597837e-01,9.404482747987742419e-01,9.103172852335407184e-01,9.526663342159961134e-01,9.577813223962792222e-01,9.024778207580781419e-01,9.263522756512727607e-01,9.437716550019398243e-01,9.172621961406037805e-01,9.554944354621589531e-01,9.660909505560275612e-01
9.542658161974688635e-01,9.542658161974688635e-01,9.542658161974688635e-01,9.811595322746778924e-01,9.875251797019105604e-01,9.573883025933510593e-01,9.509601071540075834e-01,9.565055783487689256e-01,9.819602761538044344e-01,9.443923421328792589e-01,9.675676691618965153e-01,-4.440892098500626162e-16,9.817734008580949467e-01,9.432494483965714327e-01,9.628956761899312156e-01,9.526652081542719142e-01,7.971810360538162943e-01,9.456449046276048653e-01,9.593110256220123144e-01,9.533533112059154879e-01,9.624701355520045576e-01,9.538451839813972821e-01,9.542960077642734795e-01,9.209986228978357392e-01,9.483113558505874563e-01,8.511052257196093374e-01,9.896164755990092265e-01,9.447630284806439738e-01,9.575350266745776828e-01,9.640134674916345237e-01,9.626660973617149342e-01,9.722428199371769830e-01,9.650810016124212742e-01,9.526569303296916758e-01,9.594841928501739448e-01,9.014411622801539181e-01,9.487263585296601409e-01,9.309213632998647459e-01,9.640950357743768295e-01,9.722852070181079442e-01,9.496613265041869978e-01,9.710623796718718115e-01,9.632178553190358095e-01,9.124720587630931190e-01,9.688925362096172389e-01,9.640602100382482664e-01,9.662189427744436454e-01,9.743183389904512826e-01,9.803352882630131937e-01,9.742519886174992871e-01,9.219672907361304848e-01,9.554531830427488437e-01,9.607263766220227597e-01,9.730425630589890629e-01,9.736503299400849354e-01,9.306321663137830935e-01,9.525181609335853228e-01,9.423253942679121753e-01,9.449746324409677989e-01,9.145541684182039166e-01,8.619819588833348423e-01,9.552574126404796973e-01,9.598373602396809146e-01,9.479742558479902215e-01,9.501349858411648475e-01,8.135362402111162572e-01,9.647307291649920291e-01,9.676074768625220202e-01,9.724640832267239521e-01,9.446540105363110396e-01,8.991966801629998063e-01,9.498191310334488380e-01,9.667750355889555003e-01,9.593524718223981340e-01,9.424195879276242582e-01,9.612098483482747202e-01,9.053494003316563399e-01,9.739919546520799942e-01,9.737401251274375724e-01,9.323547265562616149e-01,9.315489091790815079e-01,9.395489304156007249e-01,9.493507518795513134e-01,9.516472702444808140e-01,9.339262316706268274e-01,9.617456626649235618e-01,9.915179402061824465e-01,9.575046313192567826e-01,9.673577132646697940e-01,9.381315513677391804e-01,9.552730898144804472e-01,9.455990915470070535e-01,9.639144251794111717e-01,9.603423734228013764e-01,9.447056979729250292e-01,9.442448747873813941e-01,9.671985845448470842e-01,9.375228591513613541e-01,9.722119266481886735e-01,9.801864972724788627e-01
9.554798936069039961e-01,9.554798936069039961e-01,9.554798936069039961e-01,9.844357767211906474e-01,9.640490844756097744e-01,9.527618728891278366e-01,9.486305880220664566e-01,9.681402300063461919e-01,9.667737990661615655e-01,9.438815008326982836e-01,5.562144443429293261e-01,9.817734008580949467e-01,-4.440892098500626162e-16,9.681805755985734008e-01,9.655159152752873508e-01,9.726484429442073809e-01,8.033395410355358424e-01,9.555841072143137493e-01,9.790015576314444745e-01,9.753697915545536112e-01,9.697508129664036414e-01,9.552732162359819368e-01,9.734998053948492602e-01,9.512365793246303491e-01,9.634204865345749047e-01,8.450548245168134631e-01,9.784852256974722051e-01,9.585537618107902169e-01,9.607928494041246825e-01,9.721939838408200085e-01,9.722626344860181291e-01,9.423705543389196970e-01,9.691942198933387598e-01,9.560120446019452212e-01,9.686511910759905142e-01,9.320228362651771237e-01,9.700766839591606905e-01,9.481891074040420531e-01,9.702867209452176178e-01,9.627363004592497386e-01,9.318692667650400052e-01,9.687871826498638539e-01,9.633754023686749157e-01,8.961269458810076083e-01,9.648194534775734743e-01,9.570605165049783647e-01,9.561134879812519527e-01,9.689842023910352209e-01,9.760574862735451607e-01,9.687564986926312516e-01,8.955877078594356444e-01,9.590343259896936257e-01,9.710231407483946864e-01,9.627112702913143139e-01,8.078981917263852175e-01,9.161056444053334857e-01,9.393312060078286008e-01,9.340296322309956656e-01,9.446960101583983249e-01,8.764722608004640314e-01,6.672076657543684064e-01,9.658461971374772137e-01,9.644119784934509498e-01,9.573870990164968786e-01,9.641988290575542742e-01,4.730099295193698206e-01,9.503655352913303878e-01,9.599169961864136846e-01,9.565490708092706518e-01,9.453521590019942078e-01,9.170569688254862628e-01,9.605924682853260732e-01,9.665348369744618529e-01,9.549361438193479934e-01,9.414258429167203790e-01,9.497753537884224828e-01,8.963450134346807596e-01,9.675452191014113357e-01,9.580930220161906208e-01,9.413854441796725148e-01,9.452820876359856461e-01,9.548438298900328025e-01,9.598914548480733666e-01,9.609564947795163903e-01,9.456006078427303674e-01,9.597537939644512628e-01,9.827677046469268651e-01,9.591409241599592184e-01,9.729170924037979784e-01,9.318046976081523214e-01,9.559781343316762214e-01,9.335407229042697042e-01,9.685445000650687586e-01,9.638456949861214929e-01,9.502577069919911912e-01,9.514177341725148507e-01,9.707293092333505458e-01,9.367122707635832102e-01,9.718704775838902243e-01,9.778331793045981213e-01
9.068305313380279342e-01,9.068305313380279342e-01,9.068305313380279342e-01,9.655155436991047502e-01,9.699438942050586654e-01,9.062097830744262339e-01,8.966312923523223066e-01,9.412858329551209158e-01,9.695957707149949201e-01,8.987932307217028072e-01,9.359517151526370871e-01,9.432494483965714327e-01,9.681805755985734008e-01,4.440892098500626162e-16,9.358395936256055370e-01,3.454303647331022908e-01,8.593187797163195363e-01,8.849077740862880681e-01,8.836187406547691969e-01,9.078210124413891302e-01,9.287069452020946247e-01,9.073109626959316998e-01,9.146715550312866094e-01,8.913417504694471916e-01,9.079874799641887151e-01,5.076850707326940881e-01,9.708158661333501360e-01,9.319266095343262668e-01,8.945327398024741639e-01,9.221326942079804967e-01,9.304548544702818669e-01,8.791082977281080568e-01,8.975814343102431758e-01,8.997033708077296632e-01,9.270357641349095124e-01,8.656063137764753446e-01,9.244940901579994375e-01,9.023947733538111304e-01,9.342332694534325466e-01,9.438971316371711495e-01,9.048372414451073542e-01,9.332270203994984525e-01,9.307407235869774587e-01,8.328255631748012755e-01,9.352250452553425575e-01,9.310515903347049704e-01,9.253624450273342239e-01,9.492998631062735670e-01,9.465027410221971138e-01,9.341207226280315856e-01,8.147948634869366380e-01,9.108521234124563604e-01,9.122882856554409559e-01,9.191979999541531887e-01,9.451614025731670532e-01,8.339852297744526632e-01,8.954921137892284388e-01,8.981615745865774159e-01,9.181451577319874602e-01,7.940295331009045166e-01,9.296765406341530591e-01,9.229966628651881111e-01,9.283099939976868775e-01,9.044257009641522016e-01,9.166324938338415995e-01,9.335419437015552990e-01,9.178614445547502720e-01,9.366944586752298241e-01,9.318207779841456428e-01,8.794004154581137600e-01,9.284697883296436638e-01,9.205825759654510110e-01,9.282768834269787828e-01,9.212595714955639226e-01,8.850509416119564099e-01,9.238489850231758060e-01,9.309895047050381622e-01,9.522646604889326571e-01,9.483919086400769416e-01,8.692352270530863123e-01,8.750969342220220604e-01,9.123358914840057343e-01,9.281224383941036882e-01,9.221864899432734575e-01,8.998458183414157485e-01,9.163771584927355995e-01,9.660660583000318935e-01,9.285886892389174641e-01,9.307052338851703466e-01,8.949475903032625412e-01,9.088792737091235807e-01,9.056634796972857782e-01,9.252753997643811124e-01,9.212490644970049436e-01,7.974926865481587468e-01,8.931422990795089278e-01,9.335310664570763972e-01,8.965078342438935755e-01,9.397236357130760442e-01,9.528851153776879412e-01
5.465771062771432875e-01,5.465771062771432875e-01,5.465771062771432875e-01,9.479452088976413338e-01,9.389166891001605730e-01,5.877439039211647120e-01,7.995902129174038420e-01,9.112327756018433478e-01,9.413116870312394635e-01,5.295043193102810797e-01,9.475085354136374427e-01,9.628956761899312156e-01,9.655159152752873508e-01,9.358395936256055370e-01,-6.661338147750939243e-16,9.523993778489167061e-01,6.237780518557480836e-01,8.959374198122183053e-01,9.616984463971657293e-01,9.460014926227919840e-01,9.467086808306459655e-01,9.462654046534704211e-01,9.669026308821335736e-01,9.328909837289554030e-01,9.478969107666305183e-01,8.340059283148828495e-01,9.709022044337576318e-01,9.538455597333750369e-01,8.770662398524162739e-01,9.528444537913146606e-01,9.505745771113474074e-01,8.636059678804188788e-01,9.408753016748441222e-01,9.315524403897654793e-01,9.459175035158813305e-01,8.798163018619248321e-01,9.616383489736890500e-01,9.421674314009180762e-01,9.685770860345432887e-01,9.674191046003164374e-01,9.408088228018596233e-01,9.658785949081719613e-01,9.379479039324474243e-01,8.550410113072984819e-01,9.557632136886797802e-01,9.618401253876989188e-01,9.401224940917466411e-01,9.515407918752969429e-01,9.601923285542866005e-01,9.552612003158263976e-01,8.470110699128361453e-01,9.399896701876023775e-01,9.539196893204869854e-01,9.521453499828377298e-01,9.548392138694414832e-01,9.489393362334849202e-01,9.416984762885429738e-01,9.488925460339153739e-01,9.398496608831868881e-01,8.737280177883727239e-01,8.441757765520160328e-01,9.358315066613424049e-01,9.543582710339222341e-01,9.359713994769152112e-01,9.256826768680719297e-01,9.212554539268930087e-01,9.399284198393050849e-01,9.489280540926097185e-01,9.460219427932078373e-01,9.189602512928317646e-01,8.968046663516843209e-01,9.489612141993798433e-01,9.409764451802853369e-01,9.563845808368313106e-01,9.154066030331735604e-01,9.546814161919331410e-01,9.337104997922606175e-01,9.646176821599753426e-01,9.699185747750792563e-01,9.337819262919727636e-01,9.094906726121489982e-01,9.386696029114326434e-01,9.503071999867542807e-01,9.525634964504537949e-01,9.150185779546824438e-01,9.492621424063820701e-01,9.787211953439208800e-01,9.607704309743895221e-01,9.636391304623108667e-01,9.196043586122057967e-01,9.445625010912055419e-01,9.362359192027301935e-01,9.512230780768223815e-01,9.556679326456286594e-01,9.299661217890552445e-01,9.297048922397839199e-01,9.514693793518469445e-01,9.307216604338800492e-01,9.508323635357560644e-01,9.677451050501229002e-01
